80
85
90 91 92
97
101 102 103 104
108
113 114 115
120
125 126 127
132
136 137 138 139
143
148 149 150
155
160 161 162
167
171 172 173 174
178
183 184 185
190
195 196 197
202
206 207 208 209
213
218 219 220
225
230 231 232
237
241 242 243 244
248
253 254 255
260
265 266 267
272
276 277 278 279
283
288 289 290
295
300 301 302
307
311 312 313 314
318
323 324 325
330
335 336 337
342
346 347 348 349
353
358 359 360
365
370 371 372
377
381 382 383 384
388
393 394 395
400
405 406 407
412
416 417 418 419
423
428 429 430
435
440 441 442
447
451 452 453 454
458
463 464 465
470
475 476 477
482
486 487 488 489
493
498 499 500
505
510 511 512
517
521 522 523 524
528
533 534 535
540
545 546 547
552
556 557 558 559
563
568 569 570
575
580 581 582
587
591 592 593 594
598
603 604 605
610
615 616 617
622
626 627 628 629
633
638 639 640
645
650 651 652
657
661 662 663 664
668
673 674 675
680
685 686 687
692
696 697 698 699
703
708 709 710
715
720 721 722
727
731 732 733 734
738
743 744 745
750
755 756 757
762
766 767 768
